0  257  2918
1  310  2865
2  339  2836
3  403  2772
4  437  2738
5  395  2780
6  421  2754
7  423  2752
8  391  2784
9  381  2794
10  351  2824
11  281  2894
12  287  2888
13  311  2864
14  272  2903
15  294  2881
16  328  2847
17  356  2819
18  341  2834
19  331  2844
20  351  2824
21  335  2840
22  305  2870
23  271  2904
24  277  2898
25  290  2885
26  261  2914
27  258  2917
28  254  2921
29  259  2916
30  243  2932
31  248  2927
32  237  2938
33  228  2947
34  205  2970
35  232  2943
36  208  2967
37  212  2963
38  198  2977
39  216  2959
40  208  2967
41  210  2965
42  202  2973
43  164  3011
44  132  3043
45  125  3050
46  130  3045
47  114  3061
48  162  3013
49  176  2999
50  194  2981
51  229  2946
52  252  2923
53  275  2900
54  288  2887
55  287  2888
56  312  2863
57  321  2854
58  311  2864
59  335  2840
60  329  2846
61  309  2866
62  263  2912
63  216  2959
64  170  3005
65  170  3005
66  120  3055
67  133  3042
68  133  3042
69  132  3043
70  125  3050
71  102  3073
72  108  3067
73  159  3016
74  176  2999
75  193  2982
76  212  2963
77  217  2958
78  204  2971
79  208  2967
80  170  3005
81  174  3001
82  150  3025
83  154  3021
84  158  3017
85  181  2994
86  161  3014
87  230  2945
88  238  2937
89  239  2936
90  214  2961
91  200  2975
92  116  3059
93  83  3092
